# step, loss_train, loss_test, metrics_test
0.000000000000000000e+00 1.048985817235827817e-02 1.625841032991258706e-01 2.130811222452032583e-01 2.798874701502145346e+00 1.235894006502752385e-01 1.622904542016720963e-01 1.772421934356125162e+00 9.617386641410616277e-02 1.685470133112877966e-01 1.010029243714069026e-02 1.710642469995443393e-01 2.211012450402345675e-01 2.798874701502145346e+00 1.235894006502752385e-01 1.622904542016720963e-01 1.772421934356125162e+00 9.617386641410616277e-02 1.685470133112877966e-01
5.000000000000000000e+03 9.498128169824279418e-03 9.577195281498218334e-04 1.200708944011955178e-03 1.369738722460014414e-02 1.780787151228857600e-03 8.094029175564159111e-04 4.568033806526534957e-02 2.448083302708863821e-03 9.009893603482836341e-03 1.042845647930454138e-02 5.606244341551064152e-04 1.022817384592284969e-03 1.369738722460014414e-02 1.780787151228857600e-03 8.094029175564159111e-04 4.568033806526534957e-02 2.448083302708863821e-03 9.009893603482836341e-03
1.000000000000000000e+04 1.308374588931096941e-02 9.403516304434827609e-04 1.336685705796623836e-03 7.828372068385568150e-03 5.553471133881440151e-04 6.329673843355071178e-04 2.673670464523793949e-02 1.025203913861927026e-03 6.529971897716037657e-03 1.432942561738166122e-02 5.975527211559723958e-04 1.216575629116432898e-03 7.828372068385568150e-03 5.553471133881440151e-04 6.329673843355071178e-04 2.673670464523793949e-02 1.025203913861927026e-03 6.529971897716037657e-03
1.500000000000000000e+04 3.973429940630743111e-03 3.551087956204103499e-04 5.011243656860941802e-04 4.106117189452234556e-03 4.167740295445318782e-04 3.959542239172431023e-04 1.582491832228409556e-02 5.768241035643649614e-04 4.353505798268158741e-03 4.694077065777791692e-03 2.522312885040430344e-04 5.156778692364901622e-04 4.106117189452234556e-03 4.167740295445318782e-04 3.959542239172431023e-04 1.582491832228409556e-02 5.768241035643649614e-04 4.353505798268158741e-03
2.000000000000000000e+04 2.388206185848194395e-03 2.108975431396868552e-04 3.047895190288070467e-04 2.423914885252346357e-03 3.221787257139092724e-04 2.504117904684471799e-04 1.048086603019585637e-02 3.170889065932850194e-04 2.783943644856028913e-03 2.834405545449651068e-03 1.631331952604860957e-04 3.259371231445016962e-04 2.423914885252346357e-03 3.221787257139092724e-04 2.504117904684471799e-04 1.048086603019585637e-02 3.170889065932850194e-04 2.783943644856028913e-03
2.500000000000000000e+04 1.526750726482922543e-03 3.195250322855678021e-04 2.045020538340424092e-04 1.270831628436426206e-03 2.132956359230030955e-04 3.072007403443672321e-04 7.353730194816574493e-03 1.813140666744225671e-04 1.958191964183948579e-03 1.795078198315219146e-03 3.199761351332872919e-04 2.235697128956471780e-04 1.270831628436426206e-03 2.132956359230030955e-04 3.072007403443672321e-04 7.353730194816574493e-03 1.813140666744225671e-04 1.958191964183948579e-03
3.000000000000000000e+04 1.234647894150674901e-03 7.146474157394741003e-05 9.435235690616612767e-05 5.951891628628527440e-04 1.317763491719391991e-04 7.959695210774026572e-05 5.580644930540849293e-03 1.366715599653151850e-04 1.299524786066826249e-03 1.395307066885365663e-03 5.571965692204218111e-05 1.009146906267146605e-04 5.951891628628527440e-04 1.317763491719391991e-04 7.959695210774026572e-05 5.580644930540849293e-03 1.366715599653151850e-04 1.299524786066826249e-03
3.500000000000000000e+04 3.836759764248278619e-04 3.756891659497684947e-05 4.591268804072490929e-05 2.543761733343416227e-04 5.695776010556807025e-05 3.461979852328487070e-05 4.650743547983443929e-03 9.192887917705803720e-05 9.995791641987297055e-04 4.527575734480023830e-04 3.400711059996534488e-05 4.931714262311520425e-05 2.543761733343416227e-04 5.695776010556807025e-05 3.461979852328487070e-05 4.650743547983443929e-03 9.192887917705803720e-05 9.995791641987297055e-04
4.000000000000000000e+04 1.257150619502049333e-04 3.645176906986953612e-05 2.383206806840864836e-05 1.098101970400715087e-04 2.389282590378140125e-05 2.277202467989242215e-05 4.274440347906867388e-03 7.720496910841172537e-05 8.545680391555911986e-04 1.395068719670371920e-04 3.768639470172945532e-05 2.469880632069983790e-05 1.098101970400715087e-04 2.389282590378140125e-05 2.277202467989242215e-05 4.274440347906867388e-03 7.720496910841172537e-05 8.545680391555911986e-04
4.500000000000000000e+04 1.669327903298967490e-04 3.562856387913223503e-05 3.857526393137334790e-05 8.791045181758267281e-05 1.815585920762416167e-05 8.882877136650105593e-06 4.126253525324712415e-03 8.098647975342273902e-05 8.038371179456310807e-04 1.648268177994007596e-04 3.495224925229489712e-05 3.515835108189844133e-05 8.791045181758267281e-05 1.815585920762416167e-05 8.882877136650105593e-06 4.126253525324712415e-03 8.098647975342273902e-05 8.038371179456310807e-04
5.000000000000000000e+04 3.672114460777008106e-04 2.852793866500918780e-05 1.950496464253366960e-05 2.930662987956680267e-05 1.740594931123297590e-05 3.762849249876661766e-06 4.080438393109752683e-03 8.851730317445900061e-05 7.919890571518979020e-04 3.819977797856963773e-04 2.441150365817607222e-05 1.780481658446680091e-05 2.930662987956680267e-05 1.740594931123297590e-05 3.762849249876661766e-06 4.080438393109752683e-03 8.851730317445900061e-05 7.919890571518979020e-04
5.500000000000000000e+04 2.825317325638773054e-05 1.137541909950583400e-05 9.721961779512609727e-06 9.345645733114492303e-06 4.759336310808535414e-06 1.772516402696088040e-06 4.053758628270331781e-03 7.337953976646312357e-05 7.925677451189486276e-04 2.759454233564601739e-05 1.023721850654924836e-05 8.863439005272823019e-06 9.345645733114492303e-06 4.759336310808535414e-06 1.772516402696088040e-06 4.053758628270331781e-03 7.337953976646312357e-05 7.925677451189486276e-04
6.000000000000000000e+04 2.388518924037223918e-05 1.431560184694580283e-05 7.740771338032517243e-06 3.380918702378546366e-05 2.770015486325593332e-06 3.122752280477990108e-06 4.064166276705057437e-03 7.293963158749659076e-05 7.893193882486235951e-04 2.196616644605538357e-05 1.529318613029975548e-05 7.448462971038128723e-06 3.380918702378546366e-05 2.770015486325593332e-06 3.122752280477990108e-06 4.064166276705057437e-03 7.293963158749659076e-05 7.893193882486235951e-04
